0 14
1 14
2 14
3 14
4 14
5 14
6 14

8 14
9 14
10 14
11 14
12 14
13 14
14 14
0 13
1 13
2 13
3 13
4 13
5 13
6 13

8 13
9 13
10 13
11 13
12 13
13 13
14 13

0 0
1 0
0 1
1 1
0 2
1 2
0 3
1 3
0 4
1 4
0 5
1 5
0 6
1 6
0 7
1 7
0 8
1 8
0 9
1 9
0 10
1 10
0 11
1 11
0 12
1 12
2 12

2 0
3 0
4 0
5 0
6 0

8 0
9 0
10 0
11 0
12 0
13 0
14 0

14 1
14 2
14 3
14 4
14 5
14 6
14 7
14 8
14 9
14 10
14 11
14 12

13 1
13 2
13 3
13 4
13 5
13 6
13 7
13 8
13 9
13 10
13 11
13 12

12 12

